160624891 227438804
618476482 166588841
750383996 80045671
86719109 170810659
588673 31214289
774175837 228761218
60298901 40782779
59127271 300170623
265532961 412897361
599588801 739975607
62942166 354229305
724644574 384654845
19781945 51463171
538268221 164798053
79226902 155121576
44454711 210585593
79164632 112994051
96986317 167495329
70049365 104820141
124119173 247633338
736543767 6792280
315509167 6563281
355255807 639452077
45324973 39769081
428844993 369470526
289096082 151989993
262040563 374688497
510479263 367334641
365953745 125472625
813731601 16639825
329204926 173552926
292578021 772325011
97923697 70734210
53181305 429261485
247680961 67293871
759643081 479422441
187127422 78928074
76536993 291593050
868154812 429205679
921279 410469609
77472235 204604166
476869033 308017201
179959945 575606181
56337865 118964258
253608385 527565455
129500484 144553801
241293420 887031469
336313153 819900481
905372703 767395321
164010617 159278107
192073276 47028737
368775421 2934361
214215989 628543495
178585681 605689729
542862721 11578777
941191777 111561180
403750 359471071
40804831 924584311
131053724 380434797
178099307 47383591
11744566 368366311
405986053 16945426
532294083 2364319
150838641 856136773
231346909 64865817
177760113 21791164
391897121 586544815
52164481 148131469
147781708 93231251
77796092 453770175
192871001 54946704
592328387 597254779
438469316 194501704
346168721 98565104
2753521 75071946
302554789 7916626
224803951 120703051
175555117 86600650
123999713 26758939
7908091 535013557
131840526 18978510
604763545 93167929
41169577 643066117
3130889 698753035
105157141 634331501
158516065 473799861
380981377 132436591
232852886 1806400
10325701 332152786
75002357 153648685
855562226 811993881
547878331 440689473
431991 8943013
216727197 597934269
632047874 336113506
405037125 25508305
257287247 438707361
718350040 77193649
823798361 713482925
131001337 3387073
568059485 192288001
317148965 7197841
477348266 56706355
579943046 204050224
58319156 23472931
728535710 11850911
480126385 220338805
491577511 5247991
877082956 82129797
40739265 143702352
214270761 640451631
577488811 283722901
47235492 274763987
318195697 115016239
582606276 542052973
378688961 653162623
76000961 156470211
139834297 717151760
300491983 84853470
282403948 272068164
325368499 436217145
185412931 349705071
623085041 405247153
242546118 863381001
301628971 363289439
3566998 659322566
86760703 705279169
45247661 371247656
179658305 83177737
34747194 197198983
100769289 49499821
48731215 426041053
52671169 48988153
109002181 51215383
13893391 71313113
817520221 558669158
806367052 69233389
40242434 105451685
207229049 222648777
180160819 1929033
52195432 92360152
514576461 406540609
439877398 478740486
3306817 659042364
401442361 15258151
961854641 140065201
80279683 82039501
116268609 216874591
152055901 46383259
481414827 434499671
166096861 262025303
138883553 621561348
118310271 4053278
447887821 466874453
154113649 382927429
298405614 217699161
2161268 49919651
748949137 91883953
756952966 55944737
965491273 649130626
329342761 60021723
162691201 516642701
27086221 220643953
244857692 613238419
336176166 231675347
56032369 167856781
144120185 182736826
211005562 10659001
328705456 691411765
743487876 23280001
201174964 8326203
12539787 378879856
406351726 419140569
640785553 361021697
43388056 487179001
75943695 246541969
532757779 110926725
259606153 231473730
91923217 5290561
254597689 702355141
67028581 208849866
526965458 493861446
123755732 53880576
79261819 95393041
9572665 288457578
138863107 75663435
169835957 267823242
599944403 79913661
207272625 664410897
334072993 86889026
222103 55245241
448561983 408361271
102166345 100362862
123731189 662511538
52671732 88325497
330923041 26813619
391241176 304158898
497912741 1191377
504227307 213311233
78717925 236865041
350509793 92323739
23551373 14359941
630691183 634369
572616001 34523557
45392521 263680964
975591339 75045362
136011727 1786305
185243151 360049141
304036560 68259349
665298277 200869439
233648125 519214357
600258122 711723921
681421099 262179316
86630781 9946701
10806643 90503029
108424063 452802055
168690291 76701490
259447291 179525017
836137581 395174272
159086562 117442041
63612001 152456044
177097129 5552461
376545361 990845015
752289526 364185468
181457072 72526081
37882172 3914488
22140001 328369821
43763410 390207907
12508021 282184725
819969948 612166204
272801537 615676990
48093473 59934611
143143201 59613181
4293361 7568819
290048717 226973590
266908170 93804161
436208857 9800967
313183181 4201653
695116521 177120285
464861596 10517782
593879114 440857665
228095105 377159761
613867103 413726731
478239061 257822426
57178753 278009985
37270967 754792025
311848041 46587313
193877485 35446951
16713867 66985941
203489785 252105037
12799151 479055969
19346581 224985905
196249997 376366250
284071537 82422422
30900731 324995417
33326801 82830031
194218337 322809817
91344986 364498817
503569201 17510641
36974841 232175674
157976071 32364001
126249187 354796045
264581769 64770161
184042621 828315775
424509595 121434231
170494669 173364729
143392285 48308951
729375676 185414401
415006922 663213349
130810797 327101219
301619471 52421545
56217514 211256506
185729463 717750303
9240805 258765409
3650323 114775501
753999291 57843616
100904203 214661785
361180891 850616999
557562622 69776599
24123451 463204725
738505465 168064359
145761650 189836056
555188721 57398963
243195877 24666049
53301793 821097553
270525319 659375761
196611431 938433895
467564324 338040545
453357503 180185929
136878001 727042130
6427233 73075231
731313189 452945221
506466245 110226496
16992448 3919985
78956599 358804097
650823751 109137895
151459441 118290787
164764569 499641671
29453173 399877321
371738821 272677631
581986645 493152622
441947353 16119601
499970985 288439702
445736626 613088981
30025512 915785477
189928953 283810801
897232393 328059777
179242327 39630581
181328725 144434989
1925756 342311029
298713457 104576055
108733885 98376849
282841477 216541111
583570065 260982019
125495943 80600929
124463699 367040739
462887987 225224671
344840653 74057394
955317883 484116227
425760581 133825960
137861438 304316021
206855937 45823969
292778221 47157521
149138145 477891070
77427827 422758660
308617609 521725213
140721786 83748393
755532831 614122587
116292894 25968473
40549251 89947633
611557837 34844706
299010115 31381260
369078685 337420709
153481474 917648441
871157821 504349309
70758031 118824465
398612251 562267135
57673281 9421368
141938773 90076869
255209501 37577011
123030751 383202051
264855754 817138287
168032635 283513001
116171941 481551181
283570841 247175539
43989371 71416993
577061 49650193
141033281 536942825
160580701 32670541
413358370 54570727
649593001 369464061
92721873 210119329
104955538 141513550
816056424 735683061
484780213 541779029
501271072 352293635
365375456 737285165
704696599 81032801
395800210 691218979
299247649 432436201
22992441 36253649
49838814 234719517
56120331 594688501
83756251 597542801
656513461 352083098
127813628 45539731
43704431 10396793
100112641 819689653
785087631 17305348
53990641 49397895
24653731 645694827
47211091 107077361
141591297 126393158
96073901 37654444
652020461 89053689
233913626 598943754
156724338 842025833
78588505 22089217
869449333 87902211
36941092 251874689
14610450 29392081
217277137 59239782
185902121 22113513
704107883 177413446
315829893 808134679
462061666 6607597
836342545 250450399
675053919 16187687
272361226 467907237
5366158 592017988
150376276 480850237
41063264 40758301
81331921 328163649
709688386 334843402
396590449 215407231
143759617 84942299
121752097 497752521
671218879 458748565
130863617 555110241
47712691 380703101
282666272 132447627
211669609 62939495
106110726 49681837
218364933 1688929
6907831 739037104
763871001 597887346
213047333 571847917
116332137 269265797
389734905 205038795
321639265 302892661
366122710 204802437
432393921 4069437
91394251 705364014
210832701 365790493
97113601 742410559
673281050 405456153
173890153 316487841
501310921 176306761
691053169 111654753
500027894 721725331
536902801 79804234
246332638 24326461
922144707 122541505
100333684 683606017
184871641 306337148
150827656 248323286
62639851 77298400
1385236 546599946
409571670 111613711
595494253 513373843
876951251 417823264
5881897 78320539
499704310 446399899
16105801 130025533
83707821 353853801
764750001 5370472
59301883 96992439
193256941 104219869
13326155 528802001
686814871 54768478
923678941 9525721
119298537 444761717
35938513 259893589
1418068 186664919
7512031 40260207
381127132 285009250
257093761 3322936
400716541 734890417
75484284 632855881
683651541 165349657
177837681 83143243
14189743 461306921
709353649 522512581
707955541 420946051
606412801 292359133
520315732 130201369
510668201 323056658
590604691 658988953
287740440 617199119
680609530 338192266
381499729 294447909
495633833 39567583
151530723 577445770
208212801 388060120
55534717 330853537
5761069 106820097
429575731 306918775
940832821 5120398
112420483 232190497
273293881 205596603
216940504 283948774