34446511 57567291
520108513 112449949
149566341 276816328
159219083 23626624
208152567 72122351
162128727 694960549
69539581 17821675
313525069 646553404
507220841 45182366
532550051 2651773
48176845 685517743
397965319 4318357
11455745 813242171
1015782001 636046291
508170277 650158858
189506615 448638427
264916384 371391190
175131019 4657841
117572385 316912246
9938125 651923746
123368488 192809665
456779110 544557158
600789073 89577580
221337271 418854729
708344266 235744281
38548873 197602609
119869282 154519811
450485445 216945730
893408935 46953820
286081 25740001
47966311 641364865
859562901 523319617
258198433 197226245
126899704 201862501
17992241 640506101
104948662 121563772
454950161 19704906
45619799 124668961
204498147 361975393
191651549 80774107
20167645 35840581
592054273 772307224
339919945 2328256
252748331 329917426
265476 146040469
102530719 87785763
4491809 124644961
526948813 107523271
49069345 494942948
107337781 344705891
73814911 629413305
236731271 15275449
261087251 80121001
164327473 400657105
226490941 280398693
886960789 378269261
884657145 457208625
81964618 180967706
262500809 228227829
173587721 313796229
2224570 218328281
149660171 832969767
13729507 237762333
20050901 337252585
314950120 10738039
418830199 58837746
6607521 1048204152
35757001 83871949
106699198 153541051
328871695 413131047
109643557 806795848
448902059 252873765
57657097 288918631
522697411 42057857
56779241 20243301
97149361 731538001
47589031 105594301
862111817 239732221
191265143 238191031
268830305 578085139
199779649 132151987
304654780 914586949
227730691 89253533
28048411 20620915
49377841 285223753
512601668 512167213
211646367 216600197
7952257 284344655
13141557 165844809
434381665 92754541
177687973 376043929
30885391 420879361
220332475 99421609
339247981 58845042
100800149 333350351
16398253 500109275
64594657 270503145
371613576 986345305
86851777 78032701
283698273 5430961
59899751 250100989
186353826 200460637
351327873 13153943
235718789 163602118
188114756 11371447
2751337 139126337
470018269 150212746
14028276 104779505
6186126 183053032
3526805 22619821
450353993 75941771
191675901 260899093
288224305 268302621
90181186 10963456
26929631 58514556
317847100 730481391
60362602 90216193
337084037 2380696
437569741 29811757
411483909 79644457
351268944 72014801
437005549 92285949
191715175 85734809
710458002 690662900
145574614 284065759
717108603 8815620
167697452 40592501
9160783 445466743
195448057 176833621
446038435 16562869
313022231 403251136
514979611 203127094
74548333 73524592
21053509 168857341
432207241 123719785
170686429 146069881
352785465 762840961
36765685 169011929
754963386 483952221
512262003 100614200
493735180 261324505
466596313 149889851
559507492 304111985
158073145 8553476
236896241 589417648
439629801 414201351
35514500 463046926
160428124 421647208
16195987 37729177
220940021 90668750
75400326 107642561
204620329 17076722
73248346 22025713
383051332 15901984
280616545 578672389
154554274 47377641
561735103 102910525
16363527 95670644
799788522 118959457
153996888 434493755
31303125 822276918
115362241 294438061
162251521 700604969
69651485 216599277
133061731 570729441
602858712 462357876
134900606 192420064
396384637 220333387
209859776 36977398
118466032 90967221
352145872 20905313
53787617 64024949
108518045 123393292
822159751 750550753
154721071 52740073
325039065 58321495
139879901 374923537
31738933 524943261
14908321 3309673
176741776 207572509
48846169 337732696
336331333 363099177
99407281 190554401
395723074 77535146
491967331 57301751
830675161 389452768
190934558 34396486
792899401 925441664
51886619 845841088
264165089 340858345
561572818 112930511
801401113 41030851
103910689 656210958
478107061 4012849
43681049 151289952
383504497 487123033
203929013 123812121
863528275 55219161
314184272 549337699
205485882 33175625
43116409 111585076
59779635 74223679
319895473 109326997
232909909 135900383
53032851 117872681
422248681 364368754
65126209 460510111
239133145 405862576
398223186 427656482
90014691 389254906
31142335 569770241
585780945 45512221
324935337 710506885
9639001 1476001
904466059 529857307
489088264 194143488
464471021 539537161
239719024 26043096
65623867 217720545
477640241 7889353
311556415 98611734
843555287 301866681
644065768 104155941
300991085 999139785
329429378 196012657
283172091 334281331
3541601 21323369
78290715 534145441
874754377 182042085
326749249 108911632
273662839 517504311
851837429 220104981
541386251 1750945
2135371 560393823
434903659 105273505
844553017 73509283
441474463 562874531
871216117 875616809
37595923 667284190
371796223 103645136
26814445 4004963
30192308 46125403
326009533 353180584
716356621 510596785
247233551 620697190
479712971 414652876
462825056 353261072
385540741 52538401
168899727 93411810
90267311 364563124
136173025 239561116
138260676 74359701
339796981 131804265
79408270 13235353
57036289 472863193
7318935 306236197
306036136 738064657
295470643 237558959
636652095 305763576
394326941 496447975
23812426 416491621
33933901 703087273
323124481 36318844
127591406 14274711
343174261 101497089
571500465 399614581
41138113 96510741
124781021 212939935
61167835 362612825
485394769 37763479
7110451 128083789
519214667 477344748
292442833 169837631
29757725 507741049
229980571 285793166
411501455 148242113
369692074 83940065
3981262 433492165
155557936 130203001
48307897 520960621
25996369 125170321
44828821 512551251
427394122 575746081
230199971 455672251
132271801 31813569
449650105 611991857
146528177 42797858
675678529 126048205
28304721 468026701
168088441 970973369
234212401 29816461
833763440 668790290
349786971 170780065
948892401 111696796
244054552 224890290
412194043 114039616
325358827 39348982
345379530 8028859
126719489 37146604
196492193 348611229
172995001 72922447
167057983 535747436
428142922 55210426
18011462 609557777
562795520 205436033
216875997 320884633
93693695 82505281
427719425 226890479
233667927 33251833
79746571 367721251
79937331 233430055
3122722 7365796
378953074 76434262
34863361 86965005
588286421 376120145
252682741 645180733
170469356 618429267
351908701 103489
181022779 580046087
570362304 242156245
535066991 209912077
347094475 296545101
322419145 8610568
294328045 164191617
833852751 102984049
368298289 501045429
197055101 9508865
47246331 47863160
93828967 83470336
125804155 57176911
187049123 267535
396189781 93216597
26493601 518759077
25015649 266835429
67466413 816546331
15186159 411498856
689266288 271360189
2805129 81745456
95241037 118508461
804517057 77875432
49148452 51330687
82745389 251157015
771341833 108057838
221893820 176121649
329843132 351019041
12697131 8146810
993140331 158854851
1962005 689063425
460766721 306365671
178047808 751118481
407890621 638783341
155087581 566537401
502311031 903561165
41972521 261262919
549837461 210035461
481726833 129407401
700718563 502764166
536120026 100507304
589569730 790720589
464401663 138656926
97048229 489946255
26900224 69056092
172724485 89479586
102027777 73090759
196016876 479446390
839911077 418767039
74430133 137707243
287617881 186482011
278739778 229715241
511284269 636018727
529192615 198598172
76772390 404467045
103008049 96348220
69749083 572483759
106804378 18511283
109870593 853439235
5772097 468071649
14737867 466651061
259308400 286188697
107482381 82666903
14140751 293200111
50765606 248806632
36083947 78268646
518781025 449859045
189457625 13711313
77063313 827032993
8987351 37475824
657700726 928333300
409361511 190765889
78236225 203668415
408405376 249724323
319693041 356389897
349559613 118305421
182524174 490401077
49977061 48596023
388088567 264459025
136038878 94717834
249556809 754396977
39106971 398497904
167621651 170135220
334308787 556090921
168168196 36041941
581116141 353577526
144648853 74049223
61115041 540602593
434432721 453623447
96454161 93529666
196990941 2242371
192299009 130560769
267072937 81229958
21335627 156885623
488562712 842530536
359102875 322122475
156501913 46333489
70006465 454431749
496814693 74113876
12233630 249859013
181141777 523419797
164583721 306496033
631134943 726081304
230125193 96623241
647288299 125618596
607129237 203104201
240582783 39327443
175039005 451176689
121097209 440381353
151531196 15226945
961709721 381044701
594694881 30946202
276374343 11107937
35171773 270380776
27534763 220635273
131501089 280708201
89905749 30672001
376570301 75953921
11984661 318796537
49100822 79500786
140369813 264730649
23770361 686418426